us_100 a -> z
[0.68, 0.15, 0.27, 0.23, 0.54, 0.07, 0.23, 0.29, 0.43, 0.03, 0.13, 0.5, 0.18, 0.56, 0.61, 0.15, 0.01, 0.43, 0.48, 0.43, 0.2, 0.1, 0.09, 0.02, 0.06, 0.0]

rus_100 a -> z
[0.63, 0.18, 0.12, 0.16, 0.36, 0.01, 0.2, 0.24, 0.32, 0.0, 0.62, 0.38, 0.19, 0.47, 0.52, 0.11, 0.0, 0.62, 0.61, 0.32, 0.2, 0.35, 0.01, 0.0, 0.29, 0.18]

us_50 a -> z
[0.6, 0.12, 0.32, 0.3, 0.62, 0.12, 0.2, 0.14, 0.44, 0.02, 0.16, 0.34, 0.22, 0.66, 0.74, 0.22, 0.0, 0.58, 0.4, 0.4, 0.16, 0.24, 0.06, 0.04, 0.1, 0.0]

rus_50 a -> z
[0.48, 0.14, 0.16, 0.14, 0.3, 0.02, 0.14, 0.24, 0.48, 0.0, 0.64, 0.36, 0.32, 0.42, 0.58, 0.12, 0.0, 0.46, 0.62, 0.22, 0.22, 0.42, 0.0, 0.0, 0.36, 0.14]


